1
8
2
2
3
2
2
4
3
3
4
3
5
1
2
5
9
5
4
1
17
5
12
15
1
2
4
4
3
13
2
11
2
4
1
1
2
2
2
4
1
2
1
1
4
8
5
4
6
3
1
4
3
2
2
5
3
1
13
3
3
4
18
1
4
2
4
3
5
2
2
3
3
3
4
5
17
5
3
1
8
1
3
3
10
1
5
5
3
2
1
5
1
5
3
2
4
12
5
3
1
18
13
4
1
19
4
19
1
13
5
19
3
2
3
2
12
5
10
2
4
2
2
4
1
3
5
5
3
4
2
1
4
5
4
1
5
1
3
1
3
5
2
1
2
1
1
9
3
3
9
2
5
20
19
2
20
2
1
5
5
5
5
18
20
4
1
1
3
4
5
5
1
19
1
10
14
12
1
20
5
2
5
4
5
2
1
1
1
2
4
2
4
1
17
5
2
4
4
19
5
12
1
1
17
2
5
2
3
15
5
4
1
3
2
1
4
2
4
5
5
1
2
8
6
18
2
2
1
8
14
5
3
2
5
16
1
10
2
5
11
5
3
4
12
1
2
7
2
1
16
4
2
3
2
3
1
11
4
2
2
3
1
3
1
4
3
5
4
4
5
2
8
5
6
3
5
5
10
13
1
3
2
2
5
5
8
2
2
18
4
2
8
4
4
15
3
18
5
3
7
3
4
2
4
2
5
3
1
2
4
3
1
20
2
2
8
2
5
3
4
5
5
4
3
3
1
3
5
4
1
3
1
3
5
3
2
5
4
5
1
1
1
2
4
12
1
4
5
4
5
13
5
3
1
18
1
4
3
2
4
2
1
8
19
4
4
1
5
3
5
4
3
9
3
5
2
11
20
4
3
5
4
1
1
2
2
4
1
2
3
2
2
5
2
5
4
1
4
9
4
3
3
2
15
2
2
5
15
1
4
18
3
1
17
2
1
4
4
5
2
4
1
1
1
1
11
5
3
3
5
3
1
1
5
19
5
5
3
2
1
1
3
3
2
15
4
5
2
3
5
5
4
1
5
16
3
3
5
1
9
3
3
4
2
19
18
5
4
1
3
5
18
3
3
2
3
6
4
2
4
4
2
9
4
2
4
8
3
4
16
1
3
5
6
5
2
17
9
5
3
5
2
5
1
14
2
3
5
1
2
11
3
1
5
2
4
4
5
13
15
1
2
3
5
3
7
20
6
4
5
4
2
18
1
4
4
5
1
3
4
13
18
2
3
6
5
5
4
4
20
1
2
5
4
20
16
1
8
1
4
3
2
5
6
8
5
3
11
3
19
2
4
19
5
7
5
6
14
2
5
5
5
15
3
1
5
1
1
1
1
3
5
3
4
8
3
17
3
2
20
6
5
4
5
20
3
5
17
1
7
3
4
1
4
2
3
1
5
5
1
5
4
2
2
9
2
4
5
1
5
1
3
1
5
3
4
4
3
3
1
3
5
4
2
3
3
4
3
5
3
2
4
3
14
16
1
5
19
6
4
4
5
4
3
5
5
4
3
2
2
1
4
3
3
3
20
2
7
3
6
5
4
2
3
14
4
3
3
14
14
1
5
4
3
5
14
5
5
2
18
2
5
3
3
4
2
4
3
6
4
1
3
2
3
4
1
2
5
1
3
16
3
2
16
1
3
2
15
4
3
14
12
19
17
2
4
17
5
5
3
5
4
1
5
1
15
2
4
10
20
2
4
1
3
5
3
1
3
2
2
13
7
20
1
2
5
5
4
1
2
17
4
3
2
4
7
2
4
2
7
12
2
2
1
13
4
5
2
2
17
2
2
4
1
2
3
5
10
2
1
4
15
1
6
4
3
4
10
13
2
19
2
3
1
11
19
1
2
1
5
3
3
1
1
1
6
5
2
14
3
1
14
2
2
1
9
2
5
2
2
3
7
2
3
6
1
5
1
7
1
3
2
5
2
3
3
3
3
5
4
3
1
10
2
5
5
2
2
19
3
14
3
15
2
5
1
8
1
3
1
3
1
1
8
17
5
2
2
3
19
15
2
2
5
10
5
1
14
1
5
3
1
9
2
2
10
2
3
1
1
5
14
18
2
6
3
9
1
5
4
5
5
4
3
3
16
19
5
1
4
4
2
3
19
4
4
16
11
11
4
5
5
14
1
4
1
1
3
3
2
5
1
1
5
18
3
1
1
8
2
4
5
1
1
1
2
1
2
5
1
1
5
1
1
1
4
1
2
5
2
5
19
4
5
2
1
2
5
2
4
1
4
2
2
7
5
5
3
2